0.44112334
0.46221283
0.46221283
0.47916153
0.48453638
0.36175182
0.4036676
0.48742253
0.48469305
0.4622389
0.5009781
0.49177516
0.42596292
0.49289492
0.48731163
0.49039623
0.5005273
0.49794072
0.3877723
0.49946144
0.444666
0.45931804
0.47960007
0.45575508
0.49887696
0.39262384
0.5024326
0.50575066
0.4973304
0.4518489
0.4551008
0.4551008
0.4474621
0.39726993
0.46123174
0.45816195
0.4672558
0.4672558
0.43634197
0.4827049
0.4932772
0.37555644
0.49079677
0.48566726
0.49133906
0.47179174
0.51485705
0.41797522
0.4881775
0.44299456
0.4811009
0.45844358
0.49345675
0.48708382
0.46559235
0.49872628
0.41203925
0.5005174
0.5005174
0.4837491
0.50821066
0.50821066
0.49592352
0.5194725
0.46354905
0.51181257
0.463168
0.50393194
0.5054086
0.4791062
0.4791062
0.51145023
0.48291472
0.46078745
0.51490045
0.48167855
0.41973656
0.38894528
0.38894528
0.4718135
0.48461196
0.44699922
0.5074983
0.43223625
0.50805014
0.45139843
0.4739524
0.5007959
0.4676041
0.48056093
0.52333903
0.49357557
0.48369175
0.48369175
0.5181559
0.519219
0.5165756
0.46502632
0.5009938
0.5197855